0.0 0.00817161636643819
0.05263157894736842 0.023411178881274274
0.10526315789473684 0.06706100028770871
0.15789473684210525 0.19200848879870216
0.21052631578947367 0.5490467126170858
0.2631578947368421 1.564219004682343
0.3157894736842105 4.410286158735606
0.3684210526315789 12.084029799224773
0.42105263157894735 30.77003015768376
0.47368421052631576 66.84778454117883
0.5263157894736842 113.15221545882109
0.5789473684210527 149.22996984231622
0.631578947368421 167.9159702007752
0.6842105263157894 175.5897138412644
0.7368421052631579 178.43578099531766
0.7894736842105263 179.45095328738293
0.8421052631578947 179.8079915112013
0.894736842105263 179.9329389997123
0.9473684210526315 179.97658882111872
1.0 179.99182838363356
