0.0 0.0
0.05263157894736842 1.227482693754979
0.10526315789473684 4.876448246942857
0.15789473684210525 10.847362391415984
0.21052631578947367 18.977354154324573
0.2631578947368421 29.04465855368327
0.3157894736842105 40.77466576898158
0.3684210526315789 53.847411781232715
0.42105263157894735 67.90630615732807
0.47368421052631576 82.56785890749005
0.5263157894736842 97.43214109250984
0.5789473684210527 112.09369384267188
0.631578947368421 126.15258821876725
0.6842105263157894 139.2253342310184
0.7368421052631579 150.9553414463167
0.7894736842105263 161.0226458456754
0.8421052631578947 169.15263760858397
0.894736842105263 175.12355175305711
0.9473684210526315 178.772517306245
1.0 180.0
